Species Endemics Area Elevation Nearest Scruz Adjacent
Baltra 58 0 25.09 346 0.6 0.6 1.84
Bartolome 31 0 1.24 109 0.6 26.3 572.33
Caldwell 3 0 0.21 114 2.8 58.7 0.78
Champion 25 0 0.1 46 1.9 47.4 0.18
Coamano 2 0 0.05 77 1.9 1.9 903.82
Daphne.Major 18 0 0.34 119 8 8 1.84
Daphne.Minor 24 0 0.08 93 6 12 0.34
Darwin 10 0 2.33 168 34.1 290.2 2.85
Eden 8 0 0.03 71 0.4 0.4 17.95
Enderby 2 0 0.18 112 2.6 50.2 0.1
Espanola 97 0 58.27 198 1.1 88.3 0.57
Fernandina 93 0 634.49 1494 4.3 95.3 4669.32
Gardner1 58 0 0.57 49 1.1 93.1 58.27
Gardner2 5 0 0.78 227 4.6 62.2 0.21
Genovesa 40 0 17.35 76 47.4 92.2 129.49
Isabela 347 1 4669.32 1707 0.7 28.1 634.49
Marchena 51 0 129.49 343 29.1 85.9 59.56
Onslow 2 0 0.01 25 3.3 45.9 0.1
Pinta 104 0 59.56 777 29.1 119.6 129.49
Pinzon 108 0 17.95 458 10.7 10.7 0.03
Las.Plazas 12 0 0.23 94 0.5 0.6 25.09
Rabida 70 0 4.89 367 4.4 24.4 572.33
SanCristobal 280 1 551.62 716 45.2 66.6 0.57
SanSalvador 237 1 572.33 906 0.2 19.8 4.89
SantaCruz 444 1 903.82 864 0.6 0 0.52
SantaFe 62 0 24.08 259 16.5 16.5 0.52
SantaMaria 285 1 170.92 640 2.6 49.2 0.1
Seymour 44 0 1.84 147 0.6 9.6 25.09
Tortuga 16 0 1.24 186 6.8 50.9 17.95
Wolf 21 0 2.85 253 34.1 254.7 2.33