2727 1.55 4.23
1085 0.58 0.63
3011 1.39 4.18
4694 0.83 3.89
2535 0.07 0.18
3675 0.2 0.72
3714 0.46 1.71
2473 1.39 3.43
549 1.48 0.81
4174 1.26 5.25
2795 1.11 3.09
4430 1.3 5.75
4310 0.95 4.08
909 0.22 0.2
1943 0.18 0.36
3185 1.11 3.52
1687 0.48 0.81
143 0.29 0.04
2567 1.27 3.27
2246 1.5 3.36
1908 0.2 0.39
918 0.81 0.74
994 1.13 1.13
2090 0.11 0.24
1944 0.57 1.11
2703 0.76 2.07
2095 0.31 0.65
1062 0.85 0.9
4776 1.37 6.56
4184 1.18 4.93
1005 1.5 1.5
2502 0.26 0.65
2245 0.89 2.01
3356 0.33 1.11
800 0.08 0.06
4990 0.24 1.17
1768 1.63 2.87
505 1.03 0.52
3264 0.58 1.89
1850 0.46 0.85
546 0.25 0.14
2259 0.2 0.46
241 1.19 0.29
340 0.02 0.01
360 0.62 0.22
2881 1.49 4.3
4160 0.58 2.41
656 0.4 0.26
398 0.76 0.3
1588 1.02 1.62
3580 0.13 0.48
2303 0.72 1.66
1613 0.43 0.69
1232 1.03 1.27
1673 1.13 1.89
4757 0.51 2.43
1155 0.9 1.04
1555 1.5 2.33
1753 0.8 1.4
3276 0.61 2
1530 0.79 1.2
3986 1.34 5.36
314 0.01 0
4568 0.25 1.12
4170 0.93 3.87
1702 0.19 0.32
732 1.34 0.98
1346 0.68 0.91
831 1.25 1.04
3859 0.9 3.48
4016 1.27 5.1
3078 0.54 1.66
1506 0.31 0.46
572 1.6 0.91
1816 0.36 0.65
4727 1.13 5.34
3727 0.36 1.35
4345 0.31 1.36
2641 0.73 1.93
3843 1.12 4.3
2396 0.6 1.43
3443 0.78 2.69
1385 0.75 1.04
4644 1.3 6.04
459 1.25 0.57
3793 0.76 2.87
4588 0.6 2.76
2466 0.38 0.93
948 0.95 0.9
2231 1.37 3.05
4369 1.33 5.8
4041 1.59 6.42
3455 1.47 5.06
402 0.93 0.38
3016 0.18 0.55
1538 1.49 2.29
3233 0.3 0.95
4968 0.4 1.98
75 0.55 0.04
289 1.12 0.32
